Filetype: IR signals file
Version: 1
name: Power
type: raw
frequency: 38000
duty_cycle: 0.330000
data: 9014 4482 562 1696 563 568 563 567 564 568 563 568 563 567 564 567 564 1695 564 1696 563 1696 563 567 564 567 564 567 564 568 563 567 564 567 564 1697 562 568 563 567 564 1695 564 1696 563 1695 564 1695 564 1696 563 568 563 1696 563 1696 563 567 564 567 564 567 564 567 563 566 564 44087 9013 4481 562 1696 563 1696 563 567 564 568 563 567 564 567 564 567 564 1696 563 1696 563 567 564 1696 563 567 564 1695 564 567 564 1696 563 567 564 567 564 568 563 567 564 567 563 1696 563 567 564 567 564 1696 563 1696 563 1696 563 1696 563 1696 563 568 563 1696 563 1696 563 568 563 40704 9014 4480 563 1696 563 567 564 568 563 567 564 567 564 567 564 567 564 1696 563 1696 563 1695 564 567 564 568 563 567 564 567 564 569 562 568 563 1695 564 566 565 567 564 1696 563 1695 564 1696 563 1696 563 1696 563 567 564 1696 563 1696 563 567 564 569 562 567 564 567 564 567 563 44087 9014 4479 564 1694 565 1696 563 566 565 567 563 567 564 568 563 567 564 1695 564 1696 563 567 564 1695 564 567 564 1695 564 567 564 1695 564 567 564 567 564 567 564 567 564 567 564 1695 564 567 564 567 564 1695 564 1696 563 1695 564 1696 563 1695 564 567 564 1695 564 1696 563 566 564
name: Freeze
type: raw
frequency: 38000
duty_cycle: 0.330000
data: 9003 4488 556 1703 555 574 557 573 557 599 532 598 531 599 531 598 532 1726 532 1703 554 1727 533 573 557 598 532 598 532 574 556 573 557 599 533 1700 557 599 532 573 557 1702 557 1725 533 1700 558 1727 531 1702 558 572 559 1701 557 1727 532 573 556 599 531 578 554 598 531 600 531 44082 9007 4510 531 1701 558 1702 557 597 532 574 557 598 533 574 555 600 531 1727 532 1701 558 598 532 1703 556 573 558 1726 533 575 555 1727 531 599 532 599 531 1702 557 574 555 599 532 1700 559 598 533 598 532 1705 554 1726 531 599 532 1702 556 1726 532 577 554 1703 555 1701 558 574 554
name: Zome In
type: raw
frequency: 38000
duty_cycle: 0.330000
data: 9013 4477 564 1696 563 565 566 566 565 566 565 566 565 567 564 566 565 1694 565 1695 564 1694 565 566 565 565 566 566 565 567 564 567 564 566 565 1695 564 566 564 566 565 1695 564 1695 564 1694 565 1695 564 1694 565 566 565 1695 564 1694 565 566 565 566 565 566 565 567 564 566 564 44078 9015 4479 564 1694 565 1695 564 567 564 566 565 566 565 566 565 566 565 1694 565 1694 565 566 565 1694 565 566 565 1694 565 566 565 1695 564 566 564 567 563 566 564 566 564 1694 565 566 564 567 564 566 565 1695 564 1695 564 1694 565 1694 565 566 565 1695 564 1695 564 1695 564 566 564
name: Zome Out
type: raw
frequency: 38000
duty_cycle: 0.330000
data: 9011 4478 563 1695 563 566 564 568 563 567 564 567 563 567 563 568 563 1695 564 1695 563 1695 563 567 563 567 564 568 562 567 563 568 563 567 563 1695 563 567 563 568 563 1695 563 1696 563 1697 562 1695 564 1696 563 568 562 1696 563 1696 562 568 562 568 563 567 563 568 562 568 562 44076 9013 4480 562 1695 564 1695 564 568 562 566 564 568 562 567 563 568 563 1695 564 1696 562 567 564 1695 563 567 564 1695 563 567 563 1695 563 567 563 1695 563 567 563 568 562 1696 562 568 563 568 563 568 562 1696 562 567 563 1696 562 1695 563 568 562 1695 563 1695 563 1695 563 569 561 40695 9014 4480 563 1696 563 567 564 566 565 568 563 568 563 568 563 567 563 1696 563 1695 564 1696 563 568 562 568 562 568 562 567 564 568 587 544 562 1695 564 568 563 567 564 1696 563 1695 564 1696 563 1696 562 1696 563 567 563 1696 563 1695 563 567 563 567 564 568 563 568 563 567 563 44082 9015 4481 562 1696 563 1697 562 568 563 567 564 567 564 568 562 567 564 1697 562 1695 564 568 563 1696 563 568 563 1695 564 567 564 1696 563 568 563 1695 564 568 563 567 563 1695 564 567 564 567 564 569 562 1696 563 567 564 1695 564 1696 563 568 563 1696 563 1695 563 1697 562 567 563
name: Home
type: raw
frequency: 38000
duty_cycle: 0.330000
data: 9016 4485 559 1697 562 570 561 569 562 570 560 570 561 570 561 570 561 1698 560 1698 562 1698 561 570 561 569 562 569 562 569 562 570 561 570 561 1699 560 570 561 570 561 1699 560 1699 560 1700 560 1698 562 1698 561 570 561 1698 562 1698 562 571 560 570 561 571 560 568 563 569 562 44095 9014 4483 561 1699 560 1699 561 570 560 571 560 572 559 569 562 571 560 1699 560 1699 561 570 561 1697 562 570 560 1698 561 572 559 1699 560 571 560 1698 561 570 561 1699 560 570 561 1699 560 570 561 569 562 1697 562 570 560 1697 562 571 559 1700 559 571 560 1699 560 1698 561 569 561
name: Usb
type: raw
frequency: 38000
duty_cycle: 0.330000
data: 9008 4480 562 1697 561 572 558 569 561 570 561 571 560 570 560 571 560 1697 561 1697 562 1698 561 569 561 570 560 570 560 570 561 571 559 570 561 1697 561 569 561 569 561 1699 559 1696 562 1698 561 1699 559 1698 560 569 561 1698 560 1697 561 569 561 570 560 570 560 570 561 570 560 44076 9011 4481 561 1698 560 1698 560 570 560 570 561 568 562 569 562 569 561 1696 588 1672 561 570 561 1699 559 570 560 1698 561 569 562 1698 560 571 559 570 561 1698 561 1697 561 571 560 1698 561 1699 559 1697 561 571 560 1698 560 571 560 569 561 1698 561 570 560 572 558 571 559 1700 559
name: Menu
type: raw
frequency: 38000
duty_cycle: 0.330000
data: 9012 4482 561 1698 561 570 561 571 559 569 562 570 561 570 560 569 562 1698 561 1698 561 1698 561 569 562 569 562 569 562 570 561 569 562 569 562 1698 561 568 562 570 561 1698 561 1697 562 1697 562 1698 561 1698 561 569 561 1698 561 1698 561 569 562 569 562 570 561 570 561 569 561 44085 9013 4482 561 1697 562 1697 562 569 561 569 562 570 561 569 587 543 563 1696 563 1698 560 568 562 1698 561 569 562 1697 562 568 563 1697 562 568 563 568 563 1697 561 569 562 1698 561 1696 563 569 562 569 561 1698 561 1697 562 569 562 1697 562 569 562 571 559 1698 561 1697 562 569 561
name: Color Mode
type: raw
frequency: 38000
duty_cycle: 0.330000
data: 9014 4480 563 1694 565 567 564 566 564 567 563 567 564 567 564 566 565 1695 564 1695 564 1695 564 566 565 567 564 567 564 567 564 567 564 567 564 1694 565 566 565 566 565 1695 564 1695 564 1693 566 1694 565 1695 564 566 565 1695 564 1694 565 566 565 566 565 567 564 567 564 566 565 44082 9016 4480 563 1694 564 1694 564 566 564 566 564 566 564 567 563 566 564 1695 563 1695 564 566 565 1695 564 567 564 1695 564 567 564 1694 565 566 565 1695 564 1695 564 1695 564 1695 564 566 565 567 564 568 563 1694 565 567 564 566 565 567 564 567 564 1695 564 1695 564 1695 564 565 565
name: Aspest
type: raw
frequency: 38000
duty_cycle: 0.330000
data: 9014 4481 561 1696 563 567 564 567 563 569 562 568 563 568 563 568 562 1696 563 1697 562 1696 563 568 562 568 563 568 563 568 563 568 563 567 564 1696 563 567 563 567 564 1696 563 1697 561 1696 563 1695 563 1696 563 568 563 1696 563 1696 563 567 564 568 562 568 563 568 563 568 562 44081 9014 4481 562 1696 563 1695 563 567 564 567 564 566 564 567 564 567 563 1695 564 1695 564 567 563 1695 564 568 563 1696 563 567 563 1696 563 568 563 567 564 1695 564 568 563 1695 564 568 562 567 564 568 563 1695 564 1696 562 568 563 1696 563 567 564 1696 563 1695 564 1696 563 567 563 40699 9015 4479 564 1695 564 566 565 567 564 568 563 566 565 567 564 567 564 1695 564 1694 565 1695 564 566 565 566 565 566 565 567 564 566 565 565 566 1695 564 567 563 567 564 1695 564 1696 563 1695 564 1695 564 1695 564 567 564 1695 564 1695 564 566 565 568 563 566 565 567 564 567 563 44083 9015 4479 564 1695 564 1695 564 567 564 566 565 537 594 567 564 567 564 1695 564 1695 563 567 564 1695 564 567 564 1696 563 567 564 1694 565 567 564 566 565 1696 563 567 564 1695 564 567 564 567 564 567 564 1694 565 1629 630 566 565 1695 564 567 564 1696 563 1696 563 1695 564 567 563
name: Hdmi
type: raw
frequency: 38000
duty_cycle: 0.330000
data: 9015 4479 564 1694 565 567 564 566 565 566 565 567 564 566 565 566 565 1694 564 1695 564 1694 565 566 565 567 564 567 564 567 564 567 564 567 564 1695 564 566 564 565 566 1695 564 1694 565 1695 564 1694 565 1694 565 567 564 1694 565 1694 565 566 564 566 565 565 565 566 565 566 564 44081 9015 4479 563 1695 564 1695 564 566 565 566 565 566 565 566 565 566 565 1695 564 1694 565 566 565 1694 565 566 565 1695 564 566 565 1695 564 566 564 1694 565 1694 565 566 565 566 564 1694 565 1695 564 1694 564 566 565 565 566 567 564 1695 564 1694 565 566 565 567 564 566 565 1696 564 40698 9016 4478 564 1694 565 566 565 566 565 566 565 566 565 566 565 566 565 1695 564 1694 565 1694 565 566 565 566 565 565 565 566 564 567 564 566 565 1694 565 566 565 566 565 1694 565 1694 565 1694 565 1695 564 1693 566 567 564 1694 564 1695 564 567 564 567 564 566 565 566 564 566 564 44079 9015 4478 564 1695 564 1694 565 566 565 566 565 566 564 567 563 566 565 1696 563 1695 564 567 564 1695 564 567 564 1695 564 567 564 1695 564 566 565 1694 565 1696 563 566 565 567 564 1694 565 1694 565 1695 564 566 565 566 565 567 564 1694 564 1695 564 566 565 567 564 566 565 1696 564
